beta <- 0.25
sigma <- 1
gamma <- 0.5