beta <- 2
sigma <- 0.5
gamma <- 1
N <- 30000
