beta <- 2/5
sigma <- 1/11.4
gamma <- 1/5
N <- 30000
