beta <- 3
sigma <- 1
gamma <- 0.5
N <- 60000
