beta <- 2.4
sigma <- 1
gamma <- 0.4
N <- 60000
